# n=1000000 d=4 gap=0.1
D	p_lo	p_hi	S_lo_1	S_lo_2	S_lo_3	S_hi_1	S_hi_2	S_hi_3
0.00	0.316008	0.349405	1163	921	1443	176540	179824	175803
0.01	0.319224	0.352962	1247	890	847	170207	176085	169285
0.02	0.322555	0.356655	880	1038	879	163646	181714	170488
0.03	0.326011	0.360492	1059	825	1174	171217	164862	167348
0.04	0.329600	0.364485	855	1149	820	167166	167255	171472
0.05	0.333333	0.368649	1169	765	978	157659	160643	158382
0.06	0.337223	0.372998	1751	1683	829	160870	167965	161385
0.07	0.341283	0.377549	893	1761	984	160794	175520	165096
0.08	0.345527	0.382323	891	1128	1383	165408	154687	168984
0.09	0.349975	0.387343	641	974	1436	155704	160129	160517
0.10	0.354645	0.392634	1349	1163	1335	160339	152111	161099
0.11	0.359560	0.398224	1221	892	1782	145849	159650	150464
0.12	0.364741	0.404140	867	879	1640	154670	165523	160200
0.13	0.370214	0.410413	788	581	797	159735	163756	166009
0.14	0.376014	0.417089	875	800	811	151735	153358	155333
0.15	0.382142	0.424156	824	799	926	163848	167872	160251
0.16	0.388667	0.431714	1484	1105	1511	156118	159039	162109
0.17	0.395596	0.439765	957	651	1242	157926	170837	159928
0.18	0.402891	0.448225	2075	1060	644	146566	159564	161128
0.19	0.410754	0.457407	985	1019	570	161844	155296	163052
0.20	0.419283	0.467448	1216	1976	1028	161484	166547	171782
0.21	0.427837	0.477360	764	611	635	177106	163170	168983
0.22	0.437100	0.488155	632	792	732	170828	175791	164793
0.23	0.447196	0.500000	1073	703	855	169844	183890	174007
0.24	0.458283	0.513114	917	753	634	177228	170236	165978
0.25	0.470570	0.527793	677	1263	879	164707	185070	173754
0.26	0.481599	0.540547	771	683	630	176219	184112	173111
0.27	0.493592	0.554470	792	833	549	177501	171710	171654
0.28	0.506715	0.569777	719	726	1001	178334	180575	176431
0.29	0.521184	0.586745	506	710	1136	184509	177066	178753
0.30	0.537278	0.605742	634	898	853	182859	178584	185306
0.31	0.555374	0.627272	523	678	573	188008	182782	183607
0.32	0.575994	0.652052	779	600	764	189248	193738	190534
0.33	0.599898	0.681148	376	519	1301	210962	206314	208577
0.34	0.619452	0.704394	560	620	571	203968	211680	210017
0.35	0.636553	0.724163	575	566	581	202620	197034	202955
0.36	0.655139	0.745681	769	476	567	199235	198964	207469
0.37	0.675442	0.769231	409	417	437	198374	209869	199232
0.38	0.697757	0.795166	553	395	432	191071	201243	194064
0.39	0.722452	0.823933	479	455	671	192390	192389	196850
0.40	0.750000	0.856107	578	481	626	198430	188720	198700
0.41	0.781022	0.892449	406	456	655	189325	183466	196445
0.42	0.816352	0.933984	384	456	399	186059	190954	193318
0.43	0.857143	0.982143	542	562	371	183324	187049	187321
0.44	0.905048	nan	891	488	726	nan	nan	nan
0.45	0.962547	nan	1168	646	456	nan	nan	nan
0.46	nan	nan	nan	nan	nan	nan	nan	nan
0.47	nan	nan	nan	nan	nan	nan	nan	nan
0.48	nan	nan	nan	nan	nan	nan	nan	nan
0.49	nan	nan	nan	nan	nan	nan	nan	nan
0.50	nan	nan	nan	nan	nan	nan	nan	nan
0.51	nan	nan	nan	nan	nan	nan	nan	nan
0.52	nan	nan	nan	nan	nan	nan	nan	nan
0.53	nan	nan	nan	nan	nan	nan	nan	nan
0.54	nan	nan	nan	nan	nan	nan	nan	nan
0.55	nan	nan	nan	nan	nan	nan	nan	nan
0.56	nan	nan	nan	nan	nan	nan	nan	nan
0.57	nan	nan	nan	nan	nan	nan	nan	nan
0.58	nan	nan	nan	nan	nan	nan	nan	nan
0.59	nan	nan	nan	nan	nan	nan	nan	nan
0.60	nan	nan	nan	nan	nan	nan	nan	nan
0.61	nan	nan	nan	nan	nan	nan	nan	nan
0.62	nan	nan	nan	nan	nan	nan	nan	nan
0.63	nan	nan	nan	nan	nan	nan	nan	nan
0.64	nan	nan	nan	nan	nan	nan	nan	nan
0.65	nan	nan	nan	nan	nan	nan	nan	nan
0.66	nan	nan	nan	nan	nan	nan	nan	nan
0.67	nan	nan	nan	nan	nan	nan	nan	nan
0.68	nan	nan	nan	nan	nan	nan	nan	nan
0.69	nan	nan	nan	nan	nan	nan	nan	nan
0.70	nan	nan	nan	nan	nan	nan	nan	nan
0.71	nan	nan	nan	nan	nan	nan	nan	nan
0.72	nan	nan	nan	nan	nan	nan	nan	nan
0.73	nan	nan	nan	nan	nan	nan	nan	nan
0.74	nan	nan	nan	nan	nan	nan	nan	nan
0.75	nan	nan	nan	nan	nan	nan	nan	nan
0.76	nan	nan	nan	nan	nan	nan	nan	nan
0.77	nan	nan	nan	nan	nan	nan	nan	nan
0.78	nan	nan	nan	nan	nan	nan	nan	nan
0.79	nan	nan	nan	nan	nan	nan	nan	nan
