# n=1000000 d=10 gap=0.1
D	p_lo	p_hi	S_lo_1	S_lo_2	S_lo_3	S_hi_1	S_hi_2	S_hi_3
0.00	0.102058	0.119844	627	514	697	178502	166952	168500
0.01	0.103091	0.121058	543	610	599	183406	172285	174880
0.02	0.104150	0.122302	616	640	640	172202	174451	169912
0.03	0.105235	0.123579	738	539	510	171834	165790	161945
0.04	0.106349	0.124890	730	734	892	163124	155551	170807
0.05	0.107492	0.126237	531	599	443	164923	168486	166218
0.06	0.108666	0.127621	438	543	751	159004	157741	162169
0.07	0.109872	0.129045	637	500	768	171048	159687	163222
0.08	0.111111	0.130510	424	790	576	159337	161335	163156
0.09	0.112386	0.132018	660	911	576	161019	163791	164897
0.10	0.113698	0.133572	475	515	478	152914	152093	162766
0.11	0.115049	0.135174	1005	427	442	156594	156290	160202
0.12	0.116442	0.136827	386	551	481	152268	154296	154394
0.13	0.117878	0.138535	410	559	528	158560	153508	154494
0.14	0.119360	0.140300	423	691	688	159444	147248	155199
0.15	0.120890	0.142125	584	1069	470	151276	145639	153010
0.16	0.122472	0.144015	474	447	593	153824	148882	149023
0.17	0.124109	0.145974	645	696	367	149069	151772	142123
0.18	0.125803	0.148006	443	375	487	145989	149127	151460
0.19	0.127560	0.150117	473	616	486	152692	144079	140545
0.20	0.129382	0.152313	396	590	506	137979	146798	149107
0.21	0.131272	0.154591	388	682	515	142587	139083	141655
0.22	0.133236	0.156966	760	581	534	143236	134617	136599
0.23	0.135282	0.159446	779	449	438	136476	137341	138128
0.24	0.137414	0.162038	655	538	649	139186	139275	134941
0.25	0.139640	0.164754	498	544	487	142309	130303	137637
0.26	0.141934	0.167542	885	386	736	140795	143793	132621
0.27	0.144332	0.170465	502	547	662	133371	131117	136160
0.28	0.146843	0.173535	674	611	561	135797	133599	131796
0.29	0.149478	0.176767	996	424	414	134222	131696	128256
0.30	0.152247	0.180178	338	445	425	131981	132071	134064
0.31	0.155163	0.183785	981	523	621	127996	134000	132390
0.32	0.158242	0.187612	333	724	811	132297	128742	129329
0.33	0.161501	0.191683	607	454	373	127251	132714	133403
0.34	0.164732	0.195666	444	650	819	121661	132676	123025
0.35	0.168020	0.199691	596	383	515	124950	126623	124042
0.36	0.171486	0.203943	520	693	365	124902	118856	120280
0.37	0.175145	0.208446	393	417	428	122208	128799	123936
0.38	0.179018	0.213228	515	418	850	119130	121547	118120
0.39	0.183127	0.218320	515	467	912	116196	120786	126591
0.40	0.187500	0.223758	532	1253	525	122539	124810	112975
0.41	0.192166	0.229587	553	727	447	120216	113674	116679
0.42	0.197164	0.235859	467	392	363	117220	118911	112424
0.43	0.202535	0.242638	405	1061	540	117414	111717	106914
0.44	0.208333	0.250000	456	1033	447	119173	110083	114064
0.45	0.214623	0.258042	997	570	602	115607	113014	113892
0.46	0.221484	0.266886	704	417	385	115135	110987	111124
0.47	0.229016	0.276686	383	223	507	110923	110025	112156
0.48	0.237348	0.287650	458	277	546	108630	110303	114575
0.49	0.246648	0.300053	538	390	915	111623	110888	111899
0.50	0.257143	0.314286	496	484	369	111039	110068	111648
0.51	0.262391	0.320700	462	310	319	104561	114494	113322
0.52	0.267857	0.327381	377	347	419	110030	106624	113310
0.53	0.273556	0.334347	426	233	330	111093	105611	104912
0.54	0.279503	0.341615	489	502	413	104397	110592	100025
0.55	0.285714	0.349206	310	543	369	107093	104753	105415
0.56	0.292208	0.357143	349	360	669	95609	104343	100151
0.57	0.299003	0.365449	269	390	469	100222	98696	101775
0.58	0.306122	0.374150	283	522	443	98270	94038	94029
0.59	0.313589	0.383275	322	520	402	92712	93405	96887
0.60	0.321429	0.392857	260	286	500	88422	89378	88064
0.61	0.329670	0.402930	373	263	295	92107	85795	90395
0.62	0.338346	0.413534	463	414	315	86245	81632	85071
0.63	0.347490	0.424710	616	431	419	87937	85444	88879
0.64	0.357143	0.436508	349	364	430	82025	81216	81482
0.65	0.367347	0.448980	359	253	349	81086	75941	79744
0.66	0.378151	0.462185	366	286	424	73359	75546	77294
0.67	0.389610	0.476190	231	274	395	78211	75338	74780
0.68	0.401786	0.491071	375	298	248	69888	75198	75090
0.69	0.414747	0.506912	280	358	330	73225	70193	65968
0.70	0.428571	0.523810	404	198	428	71058	66324	69309
0.71	0.443350	0.541872	332	554	251	66542	65525	68277
0.72	0.459184	0.561224	507	413	408	62027	64711	63354
0.73	0.476190	0.582011	231	353	362	63380	63752	62682
0.74	0.494505	0.604396	338	336	279	61361	59388	58462
0.75	0.514286	0.628571	321	282	176	58529	53813	55199
0.76	0.535714	0.654762	217	452	352	51669	56535	53973
0.77	0.559006	0.683230	305	232	485	51611	49481	50576
0.78	0.584416	0.714286	333	131	402	48377	48559	51752
0.79	0.612245	0.748299	272	285	590	48932	45907	50198
