# n=1000000 d=5 gap=0.1
D	p_lo	p_hi	S_lo_1	S_lo_2	S_lo_3	S_hi_1	S_hi_2	S_hi_3
0.00	0.234498	0.264540	827	805	800	164445	158679	163994
0.01	0.236879	0.267228	951	633	1061	170588	178410	161246
0.02	0.239334	0.270003	819	850	750	173775	167505	177849
0.03	0.241869	0.272872	543	636	651	169672	174390	166297
0.04	0.244488	0.275841	538	1436	972	169340	164025	164407
0.05	0.247196	0.278916	1073	738	1076	170338	171106	173129
0.06	0.250000	0.282106	1007	938	1615	156620	162856	153436
0.07	0.252906	0.285418	635	1029	864	170494	156927	163531
0.08	0.255922	0.288863	684	979	890	163321	155049	165722
0.09	0.259055	0.292450	658	507	972	165420	165212	157132
0.10	0.262316	0.296193	665	1180	1025	158888	160188	154866
0.11	0.265713	0.300104	777	1105	962	146342	164560	153521
0.12	0.269259	0.304199	929	955	739	160430	163807	156763
0.13	0.272965	0.308492	1290	707	982	154294	142107	150120
0.14	0.276846	0.313003	696	926	876	160502	156053	152513
0.15	0.280913	0.317743	571	932	876	163287	157576	148856
0.16	0.285188	0.322745	660	538	653	150142	155890	153024
0.17	0.289682	0.328019	810	783	977	154824	154089	152878
0.18	0.294399	0.333562	621	493	1000	161072	159792	148403
0.19	0.299395	0.339462	457	807	774	151490	147051	150212
0.20	0.304702	0.345769	585	481	735	140266	159921	155745
0.21	0.310171	0.352217	654	517	557	150848	148892	156018
0.22	0.315994	0.359117	796	810	868	150810	156398	152671
0.23	0.322217	0.366533	1583	635	1006	157100	153722	151904
0.24	0.328896	0.374547	793	510	838	150912	150468	146645
0.25	0.336102	0.383260	515	1179	560	155416	147827	155252
0.26	0.343067	0.391488	511	497	537	158511	149412	159262
0.27	0.350530	0.400342	720	645	788	148455	148563	152107
0.28	0.358562	0.409915	637	758	524	150729	155239	139929
0.29	0.367248	0.420325	414	925	483	146804	154748	157060
0.30	0.376694	0.431719	813	602	802	149609	152971	153411
0.31	0.387037	0.444287	735	568	687	155594	156706	159058
0.32	0.398450	0.458279	586	446	766	156172	153967	156272
0.33	0.411163	0.474034	1256	752	665	162049	159218	166013
0.34	0.422353	0.487563	1059	613	693	152038	160601	159259
0.35	0.432867	0.500000	705	379	508	157096	158152	158586
0.36	0.444177	0.513411	381	637	633	152468	157781	155481
0.37	0.456395	0.527937	395	567	551	159250	155037	155534
0.38	0.469654	0.543748	847	1218	598	157034	148705	152355
0.39	0.484121	0.561055	1042	800	380	151779	148410	155030
0.40	0.500000	0.580123	648	661	710	145667	145236	153471
0.41	0.517552	0.601292	910	434	456	140777	140772	143823
0.42	0.537112	0.625000	804	571	521	148251	150518	144146
0.43	0.559123	0.651836	465	506	612	144427	144515	147190
0.44	0.584183	0.682604	413	461	389	137873	144801	146915
0.45	0.613130	0.718451	905	422	517	141123	145514	149045
0.46	0.647181	0.761078	650	309	397	149334	146244	145880
0.47	0.688203	0.813165	346	516	483	154590	150483	146528
0.48	0.739266	0.879278	739	331	420	161535	165467	161449
0.49	0.805937	0.968157	338	668	352	178802	177152	181638
0.50	0.900000	nan	286	449	265	nan	nan	nan
0.51	0.918367	nan	487	377	374	nan	nan	nan
0.52	0.937500	nan	318	252	250	nan	nan	nan
0.53	0.957447	nan	351	244	381	nan	nan	nan
0.54	0.978261	nan	282	302	242	nan	nan	nan
0.55	0.999999	nan	300	261	280	nan	nan	nan
0.56	nan	nan	nan	nan	nan	nan	nan	nan
0.57	nan	nan	nan	nan	nan	nan	nan	nan
0.58	nan	nan	nan	nan	nan	nan	nan	nan
0.59	nan	nan	nan	nan	nan	nan	nan	nan
0.60	nan	nan	nan	nan	nan	nan	nan	nan
0.61	nan	nan	nan	nan	nan	nan	nan	nan
0.62	nan	nan	nan	nan	nan	nan	nan	nan
0.63	nan	nan	nan	nan	nan	nan	nan	nan
0.64	nan	nan	nan	nan	nan	nan	nan	nan
0.65	nan	nan	nan	nan	nan	nan	nan	nan
0.66	nan	nan	nan	nan	nan	nan	nan	nan
0.67	nan	nan	nan	nan	nan	nan	nan	nan
0.68	nan	nan	nan	nan	nan	nan	nan	nan
0.69	nan	nan	nan	nan	nan	nan	nan	nan
0.70	nan	nan	nan	nan	nan	nan	nan	nan
0.71	nan	nan	nan	nan	nan	nan	nan	nan
0.72	nan	nan	nan	nan	nan	nan	nan	nan
0.73	nan	nan	nan	nan	nan	nan	nan	nan
0.74	nan	nan	nan	nan	nan	nan	nan	nan
0.75	nan	nan	nan	nan	nan	nan	nan	nan
0.76	nan	nan	nan	nan	nan	nan	nan	nan
0.77	nan	nan	nan	nan	nan	nan	nan	nan
0.78	nan	nan	nan	nan	nan	nan	nan	nan
0.79	nan	nan	nan	nan	nan	nan	nan	nan
