# n=1000000 d=6 gap=0.1
D	p_lo	p_hi	S_lo_1	S_lo_2	S_lo_3	S_hi_1	S_hi_2	S_hi_3
0.00	0.186281	0.212977	808	773	659	175339	168569	175269
0.01	0.188170	0.215138	501	604	940	180195	176781	174938
0.02	0.190114	0.217364	599	649	477	165565	160747	166962
0.03	0.192115	0.219658	741	624	616	160540	170333	173163
0.04	0.194177	0.222025	798	506	524	167994	174215	155998
0.05	0.196303	0.224469	619	984	1044	170494	164127	156142
0.06	0.198497	0.226995	582	575	670	169482	157656	161361
0.07	0.200764	0.229608	521	708	781	164304	164829	169998
0.08	0.203107	0.232314	627	652	586	163343	153750	157513
0.09	0.205531	0.235120	749	638	1015	158685	151855	161769
0.10	0.208043	0.238032	1056	807	704	158294	156754	163770
0.11	0.210647	0.241059	871	622	597	145758	157582	150892
0.12	0.213352	0.244209	592	721	1062	149746	148130	154266
0.13	0.216163	0.247492	701	688	1124	155357	151930	155070
0.14	0.219090	0.250920	578	747	606	158328	158773	151000
0.15	0.222140	0.254501	907	636	740	149320	158016	158755
0.16	0.225325	0.258251	575	639	745	159580	155570	145923
0.17	0.228652	0.262181	625	883	491	151787	149314	149502
0.18	0.232130	0.266297	974	649	812	145394	149126	149413
0.19	0.235780	0.270635	719	724	576	151138	154419	153936
0.20	0.239621	0.275220	724	575	832	149161	142945	152613
0.21	0.243606	0.279962	855	2252	918	134619	142795	148712
0.22	0.247809	0.284985	631	767	434	146221	140575	143444
0.23	0.252255	0.290323	434	423	776	143682	141880	146909
0.24	0.256971	0.296016	585	511	511	152804	150658	137563
0.25	0.261990	0.302114	507	805	527	145526	144056	141416
0.26	0.267002	0.308106	646	623	582	140500	141679	141955
0.27	0.272325	0.314494	711	454	1057	146814	143135	144044
0.28	0.277995	0.321332	599	716	696	147175	141549	139560
0.29	0.284059	0.328680	908	579	764	144287	137726	142665
0.30	0.290569	0.336616	534	675	591	146503	150815	148807
0.31	0.297592	0.345233	475	964	467	134125	140948	140016
0.32	0.305208	0.354651	660	900	835	141676	149985	143993
0.33	0.313519	0.365022	646	538	667	149244	144167	141172
0.34	0.321175	0.374359	1208	873	659	139867	143710	150376
0.35	0.328624	0.383289	637	443	570	145191	138402	142026
0.36	0.336582	0.392857	363	580	424	133928	147479	141352
0.37	0.345114	0.403146	589	519	530	135710	144884	135865
0.38	0.354296	0.414255	633	349	465	139860	138238	140937
0.39	0.364221	0.426307	515	419	631	133604	140261	132497
0.40	0.375000	0.439451	638	420	421	126898	127596	136214
0.41	0.386772	0.453874	435	523	502	136609	141581	131594
0.42	0.399711	0.469812	483	581	456	130749	133615	136456
0.43	0.414037	0.487571	535	420	553	133069	131534	140535
0.44	0.430038	0.507555	504	455	369	133450	128806	129267
0.45	0.448100	0.530312	464	554	330	137887	130049	134016
0.46	0.468750	0.556614	356	492	511	132513	135017	128798
0.47	0.492741	0.587593	683	379	551	140206	131759	132192
0.48	0.521200	0.625000	469	560	495	135319	133713	141623
0.49	0.555917	0.671763	333	403	591	151724	144388	151602
0.50	0.600000	0.733333	292	290	585	161932	158252	163143
0.51	0.612245	0.748299	383	342	400	160776	159113	162284
0.52	0.625000	0.763889	327	291	318	155291	160533	154283
0.53	0.638298	0.780142	462	453	350	152981	156642	151954
0.54	0.652174	0.797101	392	305	353	148691	150789	148321
0.55	0.666667	0.814815	336	388	247	146105	142554	143825
0.56	0.681818	0.833333	299	242	261	143172	142449	142071
0.57	0.697674	0.852713	261	311	278	139831	140198	144357
0.58	0.714286	0.873016	262	549	421	134410	140040	138302
0.59	0.731707	0.894309	313	264	549	129842	133863	136149
0.60	0.750000	0.916667	369	454	296	131178	126867	131376
0.61	0.769231	0.940171	395	296	355	127074	129368	126610
0.62	0.789474	0.964912	317	300	329	125793	121467	122134
0.63	0.810811	0.990991	357	395	335	121368	125357	124986
0.64	0.833333	nan	285	301	305	nan	nan	nan
0.65	0.857143	nan	267	225	341	nan	nan	nan
0.66	0.882353	nan	244	325	320	nan	nan	nan
0.67	0.909091	nan	386	415	308	nan	nan	nan
0.68	0.937500	nan	339	441	544	nan	nan	nan
0.69	0.967742	nan	329	381	409	nan	nan	nan
0.70	0.999999	nan	440	257	398	nan	nan	nan
0.71	nan	nan	nan	nan	nan	nan	nan	nan
0.72	nan	nan	nan	nan	nan	nan	nan	nan
0.73	nan	nan	nan	nan	nan	nan	nan	nan
0.74	nan	nan	nan	nan	nan	nan	nan	nan
0.75	nan	nan	nan	nan	nan	nan	nan	nan
0.76	nan	nan	nan	nan	nan	nan	nan	nan
0.77	nan	nan	nan	nan	nan	nan	nan	nan
0.78	nan	nan	nan	nan	nan	nan	nan	nan
0.79	nan	nan	nan	nan	nan	nan	nan	nan
