D	p13_1	p13_2	p13_3	p23_1	p23_2	p23_3
0.00	0.2575	0.2525	0.2475	0.3350	0.3350	0.3350
0.01	0.2650	0.2550	0.2600	0.3375	0.3375	0.3375
0.02	0.2575	0.2575	0.2575	0.3400	0.3400	0.3400
0.03	0.2600	0.2550	0.2650	0.3425	0.3425	0.3425
0.04	0.2675	0.2575	0.2675	0.3500	0.3500	0.3500
0.05	0.2650	0.2750	0.2650	0.3475	0.3525	0.3525
0.06	0.2725	0.2775	0.2675	0.3600	0.3550	0.3600
0.07	0.2750	0.2750	0.2750	0.3625	0.3625	0.3625
0.08	0.2775	0.2775	0.2675	0.3650	0.3650	0.3650
0.09	0.2750	0.2800	0.2700	0.3725	0.3725	0.3725
0.10	0.2825	0.2925	0.2875	0.3750	0.3750	0.3750
0.11	0.2900	0.2900	0.2850	0.3825	0.3825	0.3825
0.12	0.2875	0.2875	0.2875	0.3850	0.3850	0.3850
0.13	0.2950	0.2950	0.2950	0.3925	0.3925	0.3925
0.14	0.2875	0.3025	0.3025	0.3900	0.4000	0.4000
0.15	0.3050	0.3050	0.3100	0.4025	0.4075	0.4025
0.16	0.3125	0.3075	0.3025	0.4100	0.4100	0.4100
0.17	0.3200	0.3250	0.3250	0.4175	0.4175	0.4175
0.18	0.3225	0.3175	0.3225	0.4250	0.4250	0.4250
0.19	0.3400	0.3300	0.3400	0.4375	0.4375	0.4325
0.20	0.3425	0.3275	0.3375	0.4450	0.4450	0.4450
0.21	0.3350	0.3550	0.3450	0.4525	0.4575	0.4575
0.22	0.3625	0.3575	0.3525	0.4650	0.4650	0.4600
0.23	0.3500	0.3600	0.3700	0.4775	0.4775	0.4725
0.24	0.3675	0.3675	0.3725	0.4850	0.4850	0.4900
0.25	0.3900	0.3850	0.3900	0.5025	0.4975	0.5025
0.26	0.3875	0.4025	0.3975	0.5100	0.5150	0.5100
0.27	0.4150	0.3950	0.4000	0.5275	0.5275	0.5325
0.28	0.4125	0.4175	0.4125	0.5400	0.5400	0.5400
0.29	0.4300	0.4250	0.4150	0.5525	0.5625	0.5575
0.30	0.4625	0.4425	0.4525	0.5750	0.5750	0.5700
0.31	0.4600	0.4550	0.4650	0.5925	0.5925	0.5925
0.32	0.4825	0.4775	0.4725	0.6200	0.6150	0.6200
0.33	0.5000	0.5000	0.4750	0.6475	0.6425	0.6425
0.34	0.5225	0.5125	0.5275	0.6650	0.6650	0.6600
0.35	0.5350	0.5500	0.5350	0.6825	0.6825	0.6825
0.36	0.5525	0.5525	0.5375	0.7100	0.7050	0.7100
0.37	0.5850	0.5700	0.5600	0.7275	0.7225	0.7325
0.38	0.5875	0.5775	0.5925	0.7500	0.7500	0.7500
0.39	0.6000	0.6050	0.6100	0.7775	0.7775	0.7775
0.40	0.6475	0.6275	0.6275	0.8050	0.8100	0.8050
0.41	0.6550	0.6600	0.6550	0.8475	0.8375	0.8475
0.42	0.6975	0.6625	0.6825	0.8750	0.8850	0.8800
0.43	0.7100	0.7200	0.7250	0.9225	0.9175	0.9275
0.44	0.7725	0.7675	0.7475	0.9725	0.9775	0.9725
0.45	0.8200	0.8100	0.8050	1.0000	1.0000	1.0000
0.46	0.8875	0.8875	0.8925	1.0000	1.0000	1.0000
0.47	0.9450	0.9700	0.9700	1.0000	1.0000	1.0000
0.48	0.9925	1.0000	1.0000	1.0000	1.0000	1.0000
0.49	1.0000	1.0000	1.0000	1.0000	1.0000	1.0000
0.50	1.0000	1.0000	1.0000	1.0000	1.0000	1.0000
0.51	1.0000	1.0000	1.0000	1.0000	1.0000	1.0000
0.52	1.0000	1.0000	1.0000	1.0000	1.0000	1.0000
0.53	1.0000	1.0000	1.0000	1.0000	1.0000	1.0000
0.54	1.0000	1.0000	1.0000	1.0000	1.0000	1.0000
0.55	1.0000	1.0000	1.0000	1.0000	1.0000	1.0000
0.56	1.0000	1.0000	1.0000	1.0000	1.0000	1.0000
0.57	1.0000	1.0000	1.0000	1.0000	1.0000	1.0000
0.58	1.0000	1.0000	1.0000	1.0000	1.0000	1.0000
0.59	1.0000	1.0000	1.0000	1.0000	1.0000	1.0000
0.60	1.0000	1.0000	1.0000	1.0000	1.0000	1.0000
0.61	1.0000	1.0000	1.0000	1.0000	1.0000	1.0000
0.62	1.0000	1.0000	1.0000	1.0000	1.0000	1.0000
0.63	1.0000	1.0000	1.0000	1.0000	1.0000	1.0000
0.64	1.0000	1.0000	1.0000	1.0000	1.0000	1.0000
0.65	1.0000	1.0000	1.0000	1.0000	1.0000	1.0000
0.66	1.0000	1.0000	1.0000	1.0000	1.0000	1.0000
0.67	1.0000	1.0000	1.0000	1.0000	1.0000	1.0000
0.68	1.0000	1.0000	1.0000	1.0000	1.0000	1.0000
0.69	1.0000	1.0000	1.0000	1.0000	1.0000	1.0000
0.70	1.0000	1.0000	1.0000	1.0000	1.0000	1.0000
0.71	1.0000	1.0000	1.0000	1.0000	1.0000	1.0000
0.72	1.0000	1.0000	1.0000	1.0000	1.0000	1.0000
0.73	1.0000	1.0000	1.0000	1.0000	1.0000	1.0000
0.74	1.0000	1.0000	1.0000	1.0000	1.0000	1.0000
0.75	1.0000	1.0000	1.0000	1.0000	1.0000	1.0000
0.76	1.0000	1.0000	1.0000	1.0000	1.0000	1.0000
0.77	1.0000	1.0000	1.0000	1.0000	1.0000	1.0000
0.78	1.0000	1.0000	1.0000	1.0000	1.0000	1.0000
0.79	1.0000	1.0000	1.0000	1.0000	1.0000	1.0000
