D	p13_1	p13_2	p13_3	p23_1	p23_2	p23_3
0.00	0.1925	0.1825	0.1875	0.2500	0.2500	0.2450
0.01	0.1900	0.1900	0.1850	0.2575	0.2525	0.2525
0.02	0.1975	0.1925	0.1925	0.2550	0.2550	0.2550
0.03	0.1950	0.1950	0.1850	0.2575	0.2575	0.2575
0.04	0.1975	0.1975	0.1825	0.2600	0.2550	0.2600
0.05	0.2000	0.1950	0.1950	0.2625	0.2575	0.2625
0.06	0.2025	0.1975	0.2025	0.2650	0.2650	0.2650
0.07	0.2000	0.2100	0.2000	0.2675	0.2725	0.2675
0.08	0.2075	0.2075	0.2075	0.2750	0.2700	0.2750
0.09	0.2100	0.2100	0.2100	0.2775	0.2775	0.2775
0.10	0.2075	0.2075	0.2125	0.2800	0.2800	0.2750
0.11	0.2100	0.2150	0.2150	0.2875	0.2825	0.2825
0.12	0.2225	0.2225	0.2075	0.2850	0.2900	0.2850
0.13	0.2200	0.2200	0.2250	0.2925	0.2925	0.2925
0.14	0.2225	0.2225	0.2175	0.3000	0.2950	0.2950
0.15	0.2250	0.2250	0.2200	0.3025	0.3025	0.3025
0.16	0.2275	0.2275	0.2275	0.3050	0.3050	0.3100
0.17	0.2400	0.2300	0.2250	0.3125	0.3125	0.3125
0.18	0.2375	0.2325	0.2425	0.3150	0.3150	0.3150
0.19	0.2500	0.2350	0.2500	0.3225	0.3225	0.3225
0.20	0.2425	0.2425	0.2425	0.3250	0.3250	0.3300
0.21	0.2500	0.2450	0.2500	0.3325	0.3325	0.3325
0.22	0.2575	0.2625	0.2525	0.3400	0.3450	0.3450
0.23	0.2600	0.2650	0.2750	0.3425	0.3525	0.3475
0.24	0.2725	0.2625	0.2625	0.3550	0.3550	0.3550
0.25	0.2750	0.2700	0.2850	0.3625	0.3625	0.3625
0.26	0.2775	0.2725	0.2625	0.3700	0.3700	0.3650
0.27	0.2900	0.2900	0.2800	0.3775	0.3775	0.3775
0.28	0.2925	0.2925	0.2825	0.3850	0.3850	0.3850
0.29	0.3000	0.2950	0.2900	0.3975	0.3975	0.3975
0.30	0.3175	0.2975	0.3075	0.4100	0.4100	0.4050
0.31	0.3200	0.3200	0.3200	0.4175	0.4175	0.4175
0.32	0.3175	0.3175	0.3275	0.4300	0.4300	0.4300
0.33	0.3400	0.3500	0.3400	0.4475	0.4425	0.4475
0.34	0.3475	0.3475	0.3475	0.4600	0.4550	0.4550
0.35	0.3500	0.3600	0.3600	0.4675	0.4725	0.4725
0.36	0.3575	0.3725	0.3625	0.4850	0.4800	0.4900
0.37	0.3800	0.3800	0.3650	0.4975	0.4925	0.4975
0.38	0.3875	0.3825	0.3875	0.5100	0.5150	0.5100
0.39	0.4050	0.4000	0.3950	0.5275	0.5275	0.5275
0.40	0.4175	0.4125	0.4125	0.5400	0.5400	0.5500
0.41	0.4400	0.4350	0.4250	0.5625	0.5625	0.5675
0.42	0.4375	0.4375	0.4375	0.5850	0.5850	0.5900
0.43	0.4450	0.4800	0.4600	0.6075	0.6075	0.6125
0.44	0.4775	0.5075	0.4925	0.6350	0.6350	0.6350
0.45	0.5100	0.5000	0.5250	0.6725	0.6675	0.6725
0.46	0.5375	0.5575	0.5275	0.7100	0.7100	0.7150
0.47	0.5950	0.5700	0.5650	0.7625	0.7575	0.7575
0.48	0.6275	0.6375	0.6275	0.8150	0.8100	0.8150
0.49	0.6950	0.6900	0.6850	0.8925	0.8975	0.8875
0.50	0.7875	0.7825	0.7925	1.0000	0.9975	0.9975
0.51	0.8150	0.8100	0.7900	1.0000	1.0000	1.0000
0.52	0.8225	0.8125	0.7975	1.0000	1.0000	1.0000
0.53	0.8300	0.8500	0.8400	1.0000	1.0000	1.0000
0.54	0.8325	0.8575	0.8375	1.0000	1.0000	1.0000
0.55	0.8900	0.8550	0.9000	1.0000	1.0000	1.0000
0.56	0.8775	0.9125	0.8875	1.0000	1.0000	1.0000
0.57	0.8800	0.9200	0.8850	1.0000	1.0000	1.0000
0.58	0.9275	0.9425	0.9525	1.0000	1.0000	1.0000
0.59	0.9675	0.9500	0.9375	1.0000	1.0000	1.0000
0.60	0.9925	0.9425	1.0000	1.0000	1.0000	1.0000
0.61	1.0000	0.9925	1.0000	1.0000	1.0000	1.0000
0.62	1.0000	1.0000	1.0000	1.0000	1.0000	1.0000
0.63	1.0000	1.0000	1.0000	1.0000	1.0000	1.0000
0.64	0.9925	1.0000	1.0000	1.0000	1.0000	1.0000
0.65	1.0000	1.0000	1.0000	1.0000	1.0000	1.0000
0.66	1.0000	1.0000	1.0000	1.0000	1.0000	1.0000
0.67	1.0000	1.0000	1.0000	1.0000	1.0000	1.0000
0.68	1.0000	1.0000	1.0000	1.0000	1.0000	1.0000
0.69	1.0000	1.0000	1.0000	1.0000	1.0000	1.0000
0.70	1.0000	1.0000	1.0000	1.0000	1.0000	1.0000
0.71	1.0000	1.0000	1.0000	1.0000	1.0000	1.0000
0.72	1.0000	1.0000	1.0000	1.0000	1.0000	1.0000
0.73	1.0000	1.0000	1.0000	1.0000	1.0000	1.0000
0.74	1.0000	1.0000	1.0000	1.0000	1.0000	1.0000
0.75	1.0000	1.0000	1.0000	1.0000	1.0000	1.0000
0.76	1.0000	1.0000	1.0000	1.0000	1.0000	1.0000
0.77	1.0000	1.0000	1.0000	1.0000	1.0000	1.0000
0.78	1.0000	1.0000	1.0000	1.0000	1.0000	1.0000
0.79	1.0000	1.0000	1.0000	1.0000	1.0000	1.0000
