D	p13_1	p13_2	p13_3	p23_1	p23_2	p23_3
0.00	0.3875	0.3925	0.3925	0.4950	0.5000	0.4950
0.01	0.3900	0.3750	0.3950	0.5025	0.5075	0.5075
0.02	0.3925	0.3925	0.3975	0.5100	0.5100	0.5050
0.03	0.3950	0.3950	0.4000	0.5075	0.5175	0.5125
0.04	0.4025	0.4075	0.3975	0.5250	0.5200	0.5250
0.05	0.4000	0.4100	0.4150	0.5275	0.5275	0.5275
0.06	0.4275	0.4175	0.4175	0.5350	0.5300	0.5300
0.07	0.4250	0.4150	0.4250	0.5425	0.5375	0.5425
0.08	0.4325	0.4325	0.4275	0.5500	0.5500	0.5500
0.09	0.4250	0.4250	0.4250	0.5575	0.5575	0.5575
0.10	0.4275	0.4425	0.4525	0.5650	0.5700	0.5650
0.11	0.4550	0.4500	0.4550	0.5825	0.5775	0.5725
0.12	0.4575	0.4625	0.4525	0.5900	0.5900	0.5900
0.13	0.4650	0.4750	0.4600	0.6025	0.6025	0.5975
0.14	0.4825	0.4675	0.4725	0.6100	0.6150	0.6100
0.15	0.4800	0.4950	0.4950	0.6275	0.6225	0.6225
0.16	0.5025	0.4975	0.5025	0.6350	0.6350	0.6400
0.17	0.5100	0.5050	0.5100	0.6575	0.6575	0.6575
0.18	0.5175	0.5325	0.5425	0.6750	0.6750	0.6750
0.19	0.5500	0.5450	0.5450	0.6925	0.6925	0.6875
0.20	0.5625	0.5475	0.5625	0.7150	0.7100	0.7150
0.21	0.5750	0.5850	0.5650	0.7225	0.7275	0.7275
0.22	0.6025	0.5975	0.5925	0.7500	0.7550	0.7450
0.23	0.6150	0.6200	0.6200	0.7725	0.7775	0.7775
0.24	0.6475	0.6425	0.6475	0.8050	0.7950	0.8050
0.25	0.6850	0.6750	0.6800	0.8425	0.8425	0.8375
0.26	0.7075	0.6775	0.6975	0.8650	0.8650	0.8650
0.27	0.7250	0.7200	0.7300	0.8825	0.8875	0.8875
0.28	0.7475	0.7575	0.7575	0.9200	0.9150	0.9200
0.29	0.7900	0.7800	0.7600	0.9575	0.9575	0.9575
0.30	0.8125	0.8075	0.8325	0.9975	0.9975	0.9975
0.31	0.8750	0.8650	0.8550	1.0000	1.0000	1.0000
0.32	0.9175	0.9375	0.9325	1.0000	1.0000	1.0000
0.33	1.0000	1.0000	0.9975	1.0000	1.0000	1.0000
0.34	1.0000	1.0000	1.0000	1.0000	1.0000	1.0000
0.35	1.0000	1.0000	1.0000	1.0000	1.0000	1.0000
0.36	1.0000	1.0000	1.0000	1.0000	1.0000	1.0000
0.37	1.0000	1.0000	1.0000	1.0000	1.0000	1.0000
0.38	1.0000	1.0000	1.0000	1.0000	1.0000	1.0000
0.39	1.0000	1.0000	1.0000	1.0000	1.0000	1.0000
0.40	1.0000	1.0000	1.0000	1.0000	1.0000	1.0000
0.41	1.0000	1.0000	1.0000	1.0000	1.0000	1.0000
0.42	1.0000	1.0000	1.0000	1.0000	1.0000	1.0000
0.43	1.0000	1.0000	1.0000	1.0000	1.0000	1.0000
0.44	1.0000	1.0000	1.0000	1.0000	1.0000	1.0000
0.45	1.0000	1.0000	1.0000	1.0000	1.0000	1.0000
0.46	1.0000	1.0000	1.0000	1.0000	1.0000	1.0000
0.47	1.0000	1.0000	1.0000	1.0000	1.0000	1.0000
0.48	1.0000	1.0000	1.0000	1.0000	1.0000	1.0000
0.49	1.0000	1.0000	1.0000	1.0000	1.0000	1.0000
0.50	1.0000	1.0000	1.0000	1.0000	1.0000	1.0000
0.51	1.0000	1.0000	1.0000	1.0000	1.0000	1.0000
0.52	1.0000	1.0000	1.0000	1.0000	1.0000	1.0000
0.53	1.0000	1.0000	1.0000	1.0000	1.0000	1.0000
0.54	1.0000	1.0000	1.0000	1.0000	1.0000	1.0000
0.55	1.0000	1.0000	1.0000	1.0000	1.0000	1.0000
0.56	1.0000	1.0000	1.0000	1.0000	1.0000	1.0000
0.57	1.0000	1.0000	1.0000	1.0000	1.0000	1.0000
0.58	1.0000	1.0000	1.0000	1.0000	1.0000	1.0000
0.59	1.0000	1.0000	1.0000	1.0000	1.0000	1.0000
0.60	1.0000	1.0000	1.0000	1.0000	1.0000	1.0000
0.61	1.0000	1.0000	1.0000	1.0000	1.0000	1.0000
0.62	1.0000	1.0000	1.0000	1.0000	1.0000	1.0000
0.63	1.0000	1.0000	1.0000	1.0000	1.0000	1.0000
0.64	1.0000	1.0000	1.0000	1.0000	1.0000	1.0000
0.65	1.0000	1.0000	1.0000	1.0000	1.0000	1.0000
0.66	1.0000	1.0000	1.0000	1.0000	1.0000	1.0000
0.67	1.0000	1.0000	1.0000	1.0000	1.0000	1.0000
0.68	1.0000	1.0000	1.0000	1.0000	1.0000	1.0000
0.69	1.0000	1.0000	1.0000	1.0000	1.0000	1.0000
0.70	1.0000	1.0000	1.0000	1.0000	1.0000	1.0000
0.71	1.0000	1.0000	1.0000	1.0000	1.0000	1.0000
0.72	1.0000	1.0000	1.0000	1.0000	1.0000	1.0000
0.73	1.0000	1.0000	1.0000	1.0000	1.0000	1.0000
0.74	1.0000	1.0000	1.0000	1.0000	1.0000	1.0000
0.75	1.0000	1.0000	1.0000	1.0000	1.0000	1.0000
0.76	1.0000	1.0000	1.0000	1.0000	1.0000	1.0000
0.77	1.0000	1.0000	1.0000	1.0000	1.0000	1.0000
0.78	1.0000	1.0000	1.0000	1.0000	1.0000	1.0000
0.79	1.0000	1.0000	1.0000	1.0000	1.0000	1.0000
