D	p13_1	p13_2	p13_3	p23_1	p23_2	p23_3
0.00	0.1475	0.1425	0.1525	0.2000	0.2000	0.2000
0.01	0.1500	0.1500	0.1500	0.2025	0.2025	0.2025
0.02	0.1525	0.1525	0.1575	0.2050	0.2050	0.2050
0.03	0.1500	0.1550	0.1600	0.2075	0.2075	0.2075
0.04	0.1575	0.1575	0.1575	0.2100	0.2100	0.2100
0.05	0.1550	0.1550	0.1600	0.2125	0.2125	0.2125
0.06	0.1675	0.1625	0.1575	0.2150	0.2150	0.2150
0.07	0.1600	0.1600	0.1600	0.2125	0.2175	0.2125
0.08	0.1625	0.1575	0.1575	0.2200	0.2150	0.2200
0.09	0.1600	0.1700	0.1700	0.2225	0.2225	0.2225
0.10	0.1625	0.1725	0.1725	0.2250	0.2200	0.2200
0.11	0.1700	0.1700	0.1750	0.2275	0.2275	0.2275
0.12	0.1725	0.1775	0.1725	0.2300	0.2300	0.2250
0.13	0.1750	0.1750	0.1750	0.2325	0.2375	0.2325
0.14	0.1725	0.1725	0.1775	0.2400	0.2350	0.2350
0.15	0.1800	0.1800	0.1750	0.2425	0.2425	0.2375
0.16	0.1775	0.1775	0.1825	0.2400	0.2400	0.2400
0.17	0.1800	0.1800	0.1850	0.2475	0.2475	0.2475
0.18	0.1875	0.1875	0.1925	0.2500	0.2550	0.2500
0.19	0.1900	0.1900	0.1850	0.2575	0.2525	0.2525
0.20	0.1875	0.1925	0.1975	0.2600	0.2600	0.2600
0.21	0.2050	0.1950	0.2000	0.2675	0.2675	0.2675
0.22	0.2075	0.2075	0.1975	0.2650	0.2700	0.2650
0.23	0.2050	0.2050	0.2000	0.2725	0.2725	0.2725
0.24	0.2075	0.2075	0.2025	0.2800	0.2800	0.2800
0.25	0.2200	0.2050	0.2100	0.2875	0.2825	0.2825
0.26	0.2225	0.2225	0.2075	0.2900	0.2900	0.2900
0.27	0.2200	0.2200	0.2200	0.2925	0.2975	0.2975
0.28	0.2225	0.2275	0.2325	0.3000	0.3000	0.3000
0.29	0.2300	0.2300	0.2250	0.3075	0.3075	0.3075
0.30	0.2425	0.2375	0.2425	0.3150	0.3200	0.3150
0.31	0.2400	0.2400	0.2450	0.3275	0.3275	0.3225
0.32	0.2575	0.2575	0.2475	0.3300	0.3350	0.3350
0.33	0.2650	0.2600	0.2600	0.3425	0.3425	0.3475
0.34	0.2725	0.2575	0.2575	0.3500	0.3500	0.3500
0.35	0.2700	0.2750	0.2700	0.3575	0.3625	0.3625
0.36	0.2725	0.2775	0.2875	0.3700	0.3700	0.3650
0.37	0.2800	0.2800	0.2850	0.3775	0.3775	0.3775
0.38	0.2925	0.2825	0.2875	0.3900	0.3900	0.3850
0.39	0.2900	0.2950	0.2950	0.4025	0.4025	0.3975
0.40	0.3175	0.3175	0.3025	0.4100	0.4100	0.4100
0.41	0.3200	0.3150	0.3150	0.4325	0.4225	0.4225
0.42	0.3275	0.3325	0.3175	0.4400	0.4350	0.4450
0.43	0.3350	0.3400	0.3450	0.4575	0.4575	0.4525
0.44	0.3425	0.3525	0.3475	0.4750	0.4700	0.4750
0.45	0.3850	0.3800	0.3800	0.4975	0.4925	0.4925
0.46	0.3975	0.3875	0.4075	0.5150	0.5200	0.5150
0.47	0.4150	0.4200	0.4100	0.5425	0.5475	0.5475
0.48	0.4425	0.4575	0.4425	0.5800	0.5800	0.5750
0.49	0.4850	0.4800	0.4800	0.6225	0.6175	0.6225
0.50	0.5175	0.5175	0.4975	0.6600	0.6700	0.6750
0.51	0.5450	0.5200	0.5400	0.6825	0.6875	0.6825
0.52	0.5425	0.5425	0.5425	0.6900	0.7050	0.7050
0.53	0.5600	0.5350	0.5450	0.7125	0.7125	0.7225
0.54	0.5575	0.5625	0.5625	0.7350	0.7350	0.7300
0.55	0.5650	0.5900	0.5550	0.7425	0.7375	0.7525
0.56	0.5675	0.5925	0.5975	0.7650	0.7600	0.7600
0.57	0.5750	0.5950	0.6000	0.7825	0.7825	0.7775
0.58	0.6225	0.6125	0.6175	0.8050	0.8050	0.8050
0.59	0.6250	0.6150	0.6250	0.8225	0.8175	0.8225
0.60	0.6275	0.6525	0.6575	0.8400	0.8400	0.8400
0.61	0.6900	0.6500	0.6400	0.8625	0.8525	0.8575
0.62	0.6775	0.6875	0.6775	0.9000	0.8950	0.8800
0.63	0.7150	0.7050	0.7050	0.9225	0.9075	0.9125
0.64	0.7225	0.7075	0.7125	0.9375	0.9325	0.9375
0.65	0.7300	0.7050	0.7600	0.9525	0.9675	0.9575
0.66	0.7375	0.7775	0.7575	0.9875	0.9825	0.9925
0.67	0.8300	0.7900	0.7700	1.0000	1.0000	1.0000
0.68	0.8325	0.8175	0.7975	1.0000	1.0000	1.0000
0.69	0.8350	0.8500	0.8500	1.0000	1.0000	1.0000
0.70	0.8575	0.8525	0.8525	1.0000	1.0000	1.0000
0.71	0.8600	0.9200	0.8800	1.0000	1.0000	1.0000
0.72	0.9125	0.9475	0.9175	1.0000	1.0000	1.0000
0.73	0.9150	0.9300	0.9250	1.0000	1.0000	1.0000
0.74	1.0000	1.0000	1.0000	1.0000	1.0000	1.0000
0.75	1.0000	1.0000	1.0000	1.0000	1.0000	1.0000
0.76	1.0000	1.0000	1.0000	1.0000	1.0000	1.0000
0.77	1.0000	1.0000	1.0000	1.0000	1.0000	1.0000
0.78	1.0000	1.0000	1.0000	1.0000	1.0000	1.0000
0.79	1.0000	1.0000	1.0000	1.0000	1.0000	1.0000
