D	p13_1	p13_2	p13_3	p23_1	p23_2	p23_3
0.00	0.0825	0.0825	0.0825	0.1100	0.1100	0.1100
0.01	0.0850	0.0850	0.0850	0.1125	0.1125	0.1125
0.02	0.0825	0.0825	0.0825	0.1150	0.1150	0.1150
0.03	0.0850	0.0850	0.0850	0.1125	0.1125	0.1175
0.04	0.0825	0.0875	0.0825	0.1150	0.1150	0.1150
0.05	0.0900	0.0850	0.0850	0.1175	0.1175	0.1175
0.06	0.0875	0.0875	0.0875	0.1200	0.1200	0.1200
0.07	0.0900	0.0900	0.0900	0.1225	0.1225	0.1225
0.08	0.0875	0.0925	0.0925	0.1200	0.1250	0.1200
0.09	0.0900	0.0950	0.0900	0.1225	0.1225	0.1225
0.10	0.0875	0.0875	0.0925	0.1250	0.1250	0.1250
0.11	0.0950	0.0950	0.0950	0.1275	0.1275	0.1275
0.12	0.0975	0.0975	0.0975	0.1250	0.1250	0.1250
0.13	0.1000	0.0950	0.0900	0.1325	0.1275	0.1275
0.14	0.0975	0.0975	0.0925	0.1300	0.1300	0.1300
0.15	0.1000	0.1000	0.0950	0.1325	0.1325	0.1325
0.16	0.0975	0.0975	0.0975	0.1350	0.1350	0.1350
0.17	0.1000	0.1000	0.0950	0.1375	0.1375	0.1375
0.18	0.1025	0.1025	0.1025	0.1400	0.1400	0.1400
0.19	0.1050	0.1050	0.1050	0.1375	0.1375	0.1425
0.20	0.1025	0.1025	0.1075	0.1400	0.1400	0.1400
0.21	0.1050	0.1050	0.1050	0.1425	0.1475	0.1425
0.22	0.1075	0.1075	0.1075	0.1450	0.1450	0.1450
0.23	0.1150	0.1100	0.1050	0.1475	0.1525	0.1475
0.24	0.1125	0.1075	0.1175	0.1500	0.1500	0.1500
0.25	0.1150	0.1150	0.1150	0.1525	0.1525	0.1525
0.26	0.1125	0.1175	0.1225	0.1550	0.1550	0.1550
0.27	0.1150	0.1200	0.1200	0.1575	0.1575	0.1575
0.28	0.1225	0.1225	0.1225	0.1600	0.1650	0.1600
0.29	0.1200	0.1250	0.1250	0.1675	0.1625	0.1625
0.30	0.1225	0.1275	0.1225	0.1700	0.1650	0.1700
0.31	0.1300	0.1250	0.1200	0.1725	0.1675	0.1725
0.32	0.1325	0.1275	0.1275	0.1750	0.1750	0.1750
0.33	0.1350	0.1350	0.1350	0.1775	0.1775	0.1775
0.34	0.1375	0.1325	0.1325	0.1850	0.1800	0.1800
0.35	0.1450	0.1350	0.1350	0.1825	0.1875	0.1875
0.36	0.1425	0.1375	0.1425	0.1900	0.1900	0.1950
0.37	0.1500	0.1450	0.1450	0.1925	0.1925	0.1925
0.38	0.1475	0.1475	0.1525	0.1950	0.2000	0.1950
0.39	0.1500	0.1500	0.1450	0.2025	0.2025	0.2025
0.40	0.1575	0.1525	0.1525	0.2100	0.2100	0.2100
0.41	0.1550	0.1650	0.1650	0.2125	0.2125	0.2125
0.42	0.1625	0.1625	0.1675	0.2200	0.2200	0.2200
0.43	0.1650	0.1600	0.1750	0.2225	0.2225	0.2225
0.44	0.1725	0.1775	0.1775	0.2300	0.2350	0.2350
0.45	0.1850	0.1800	0.1800	0.2375	0.2375	0.2375
0.46	0.1825	0.1825	0.1875	0.2450	0.2450	0.2450
0.47	0.1850	0.2000	0.1850	0.2575	0.2575	0.2575
0.48	0.2025	0.2025	0.1925	0.2650	0.2650	0.2650
0.49	0.2100	0.2100	0.2150	0.2725	0.2725	0.2825
0.50	0.2175	0.2175	0.2175	0.2850	0.2950	0.2850
0.51	0.2100	0.2200	0.2300	0.2975	0.2925	0.2975
0.52	0.2225	0.2325	0.2325	0.3000	0.3050	0.3000
0.53	0.2250	0.2350	0.2350	0.3075	0.3125	0.3025
0.54	0.2425	0.2275	0.2375	0.3150	0.3150	0.3150
0.55	0.2450	0.2450	0.2450	0.3225	0.3225	0.3175
0.56	0.2525	0.2475	0.2425	0.3300	0.3300	0.3250
0.57	0.2400	0.2550	0.2650	0.3375	0.3375	0.3375
0.58	0.2625	0.2525	0.2575	0.3450	0.3450	0.3450
0.59	0.2600	0.2700	0.2800	0.3575	0.3525	0.3525
0.60	0.2725	0.2725	0.2775	0.3650	0.3600	0.3600
0.61	0.2850	0.2750	0.2800	0.3675	0.3725	0.3725
0.62	0.2875	0.2875	0.2875	0.3850	0.3850	0.3900
0.63	0.3000	0.2900	0.2850	0.3925	0.3925	0.3875
0.64	0.3025	0.3025	0.3175	0.4100	0.4000	0.4100
0.65	0.3250	0.3250	0.3100	0.4175	0.4175	0.4175
0.66	0.3225	0.3125	0.3275	0.4250	0.4200	0.4250
0.67	0.3350	0.3350	0.3350	0.4375	0.4325	0.4425
0.68	0.3425	0.3525	0.3325	0.4500	0.4500	0.4600
0.69	0.3550	0.3450	0.3550	0.4625	0.4725	0.4725
0.70	0.3675	0.3675	0.3675	0.4850	0.4850	0.4900
0.71	0.3850	0.3900	0.3750	0.5025	0.5075	0.4975
0.72	0.3875	0.3925	0.4075	0.5250	0.5200	0.5200
0.73	0.4150	0.4050	0.4100	0.5475	0.5375	0.5375
0.74	0.4225	0.4075	0.4375	0.5700	0.5650	0.5550
0.75	0.4400	0.4500	0.4400	0.5875	0.5875	0.5875
0.76	0.4575	0.4575	0.4575	0.6100	0.6100	0.6050
0.77	0.4800	0.4850	0.4750	0.6375	0.6275	0.6425
0.78	0.5125	0.5125	0.5275	0.6650	0.6650	0.6600
0.79	0.5200	0.5350	0.5400	0.6925	0.6975	0.6925
